%YAML:1.0
---
K: !!opencv-matrix
   rows: 3
   cols: 3
   dt: d
   data: [ 4.8432232274137647e+02, 0., 2.4190754613311316e+02, 0.,
       4.8616460801249315e+02, 3.0504625150274148e+02, 0., 0., 1. ]
D: !!opencv-matrix
   rows: 1
   cols: 5
   dt: d
   data: [ 2.2689543750468705e-01, -1.1893840241744922e+00,
       -4.0145566323296460e-03, -1.8949106016467549e-03,
       1.7929883085837910e+00 ]
