%YAML:1.0
---
K1: !!opencv-matrix
   rows: 3
   cols: 3
   dt: d
   data: [ 4.8432232274137647e+02, 0., 2.4190754613311316e+02, 0.,
       4.8616460801249315e+02, 3.0504625150274148e+02, 0., 0., 1. ]
D1: !!opencv-matrix
   rows: 1
   cols: 5
   dt: d
   data: [ 2.2689543750468705e-01, -1.1893840241744922e+00,
       -4.0145566323296460e-03, -1.8949106016467549e-03,
       1.7929883085837910e+00 ]
K2: !!opencv-matrix
   rows: 3
   cols: 3
   dt: d
   data: [ 2.5383397173526407e+02, 0., 2.4058313355222501e+02, 0.,
       2.5493142293410568e+02, 3.1616890464183462e+02, 0., 0., 1. ]
D2: !!opencv-matrix
   rows: 1
   cols: 5
   dt: d
   data: [ 2.8721840204686749e-02, -5.3613569502939183e-02,
       -8.7068225558261769e-04, -1.0519073826688531e-03,
       1.8170487142925004e-02 ]
R: !!opencv-matrix
   rows: 3
   cols: 3
   dt: d
   data: [ 9.9999708621014527e-01, -2.3183872182047098e-03,
       -6.7279411840565984e-04, 2.3236564550991475e-03,
       9.9996578009707027e-01, 7.9397264144487976e-03,
       6.5436373522092736e-04, -7.9412666221507101e-03,
       9.9996825354235019e-01 ]
T: !!opencv-matrix
   rows: 3
   cols: 1
   dt: d
   data: [ -6.4079267264900296e-04, -1.5134843500928705e-02,
       2.7969747079266351e-03 ]
E: !!opencv-matrix
   rows: 3
   cols: 3
   dt: d
   data: [ -1.6402901060074661e-05, -2.6766891681982330e-03,
       -1.5156570237229536e-02, 2.7973858696168840e-03,
       -1.1573175875525236e-05, 6.3889054161873589e-04,
       1.5133310419145079e-02, -6.7585917250802860e-04,
       -1.5270352199631487e-05 ]
F: !!opencv-matrix
   rows: 3
   cols: 3
   dt: d
   data: [ -2.0378510243845409e-08, -3.3128430025159356e-06,
       -8.1043393261585432e-03, 3.4604335877024096e-06,
       -1.4262046289727426e-08, -4.4998336085040077e-04,
       3.6832060146077673e-03, 5.8919458287063178e-04, 1. ]
R1: !!opencv-matrix
   rows: 3
   cols: 3
   dt: d
   data: [ 9.9903249801994554e-01, -4.3852501115154957e-02,
       3.3205490468773274e-03, 4.3761939866358991e-02,
       9.8380978263794283e-01, -1.7379069078928475e-01,
       4.3543678255936269e-03, 1.7376786161954386e-01,
       9.8477701524203454e-01 ]
R2: !!opencv-matrix
   rows: 3
   cols: 3
   dt: d
   data: [ 9.9912902008139115e-01, -4.1503227922970974e-02,
       4.3224186716213052e-03, 4.1597885682649688e-02,
       9.8249795393849471e-01, -1.8156923311344553e-01,
       3.2889417647728801e-03, 1.8159089343534121e-01,
       9.8336866448114069e-01 ]
P1: !!opencv-matrix
   rows: 3
   cols: 4
   dt: d
   data: [ 2.5146572081896551e+02, 0., 2.8602222251892090e+02, 0., 0.,
       2.5146572081896551e+02, 3.9093007802963257e+02, 0., 0., 0., 1.,
       0. ]
P2: !!opencv-matrix
   rows: 3
   cols: 4
   dt: d
   data: [ 2.5146572081896551e+02, 0., 2.8602222251892090e+02, 0., 0.,
       2.5146572081896551e+02, 3.9093007802963257e+02,
       -3.8736918638728532e+00, 0., 0., 1., 0. ]
Q: !!opencv-matrix
   rows: 4
   cols: 4
   dt: d
   data: [ 1., 0., 0., -2.8602222251892090e+02, 0., 1., 0.,
       -3.9093007802963257e+02, 0., 0., 0., 2.5146572081896551e+02, 0.,
       0., 6.4916294237083235e+01, 0. ]
