%YAML:1.0
---
K: !!opencv-matrix
   rows: 3
   cols: 3
   dt: d
   data: [ 2.5383397173526407e+02, 0., 2.4058313355222501e+02, 0.,
       2.5493142293410568e+02, 3.1616890464183462e+02, 0., 0., 1. ]
D: !!opencv-matrix
   rows: 1
   cols: 5
   dt: d
   data: [ 2.8721840204686749e-02, -5.3613569502939183e-02,
       -8.7068225558261769e-04, -1.0519073826688531e-03,
       1.8170487142925004e-02 ]
