%YAML:1.0
---
K: !!opencv-matrix
   rows: 3
   cols: 3
   dt: d
   data: [ 4.8518956607544817e+02, 0., 3.1820180416591074e+02, 0.,
       4.8728827661315188e+02, 2.3154467098636684e+02, 0., 0., 1. ]
D: !!opencv-matrix
   rows: 1
   cols: 5
   dt: d
   data: [ 1.0784680451698941e-01, -2.8374905209479295e-01,
       1.0596608372652685e-04, 8.9691205551656143e-04,
       2.9170791161703807e-01 ]
