%YAML:1.0
---
K: !!opencv-matrix
   rows: 3
   cols: 3
   dt: d
   data: [ 4.9791732851344477e+02, 0., 2.4768755525940406e+02, 0.,
       4.9559443937918161e+02, 3.1854924745476882e+02, 0., 0., 1. ]
D: !!opencv-matrix
   rows: 1
   cols: 5
   dt: d
   data: [ 1.4916034821907037e-01, -5.6648572196204694e-01,
       1.0254848960187107e-03, 6.0290274966921709e-05,
       6.7756776624762138e-01 ]
