%YAML:1.0
---
K: !!opencv-matrix
   rows: 3
   cols: 3
   dt: d
   data: [ 4.9066633340110866e+02, 0., 2.3562981487176361e+02, 0.,
       4.8801427151778381e+02, 3.1490686781870693e+02, 0., 0., 1. ]
D: !!opencv-matrix
   rows: 1
   cols: 5
   dt: d
   data: [ 7.4878658444095081e-02, -1.4083036952518913e-01,
       1.2420339940346018e-03, -1.0109971946958760e-03,
       6.7893716600201701e-02 ]
