%YAML:1.0
---
K1: !!opencv-matrix
   rows: 3
   cols: 3
   dt: d
   data: [ 4.9791732851344477e+02, 0., 2.4768755525940406e+02, 0.,
       4.9559443937918161e+02, 3.1854924745476882e+02, 0., 0., 1. ]
D1: !!opencv-matrix
   rows: 1
   cols: 5
   dt: d
   data: [ 1.4916034821907037e-01, -5.6648572196204694e-01,
       1.0254848960187107e-03, 6.0290274966921709e-05,
       6.7756776624762138e-01 ]
K2: !!opencv-matrix
   rows: 3
   cols: 3
   dt: d
   data: [ 4.9066633340110866e+02, 0., 2.3562981487176361e+02, 0.,
       4.8801427151778381e+02, 3.1490686781870693e+02, 0., 0., 1. ]
D2: !!opencv-matrix
   rows: 1
   cols: 5
   dt: d
   data: [ 7.4878658444095081e-02, -1.4083036952518913e-01,
       1.2420339940346018e-03, -1.0109971946958760e-03,
       6.7893716600201701e-02 ]
R: !!opencv-matrix
   rows: 3
   cols: 3
   dt: d
   data: [ 9.9999659780185357e-01, -9.3918302669127182e-04,
       2.4335817143268106e-03, 9.1552596384041464e-04,
       9.9995249562924748e-01, 9.7040350911019868e-03,
       -2.4425799736067758e-03, -9.7017740688071924e-03,
       9.9994995343916604e-01 ]
T: !!opencv-matrix
   rows: 3
   cols: 1
   dt: d
   data: [ 5.3837162066521132e-05, -1.4561476597428725e-02,
       1.9669073549804070e-03 ]
E: !!opencv-matrix
   rows: 3
   cols: 3
   dt: d
   data: [ 3.3766816371069902e-05, -1.8255417622277032e-03,
       -1.4579834783598035e-02, 1.9670321647457492e-03,
       -1.3249700199966774e-06, -4.9047837928859409e-05,
       1.4561476345719727e-02, 4.0158712902146825e-05,
       3.5958980890999193e-05 ]
F: !!opencv-matrix
   rows: 3
   cols: 3
   dt: d
   data: [ -1.1079325599612887e-06, 6.0179115194616691e-05,
       2.1929963530752591e-01, -6.4891588968967129e-05,
       4.3915093798853792e-08, 1.6864514089998908e-02,
       -2.1373504401232182e-01, -1.4843384130270790e-02, 1. ]
R1: !!opencv-matrix
   rows: 3
   cols: 3
   dt: d
   data: [ 9.9999614008961613e-01, 2.5783036622100929e-03,
       1.0354497063816174e-03, -2.4296779611217597e-03,
       9.9224858164011609e-01, -1.2424511619449251e-01,
       -1.3477651406128258e-03, 1.2424212081014691e-01,
       9.9225101609709754e-01 ]
R2: !!opencv-matrix
   rows: 3
   cols: 3
   dt: d
   data: [ 9.9999283625703617e-01, 3.5037516517960250e-03,
       -1.4321867793962585e-03, -3.6639333638774484e-03,
       9.9099354209490720e-01, -1.3385953503017348e-01,
       9.5027728248476499e-04, 1.3386382353179557e-01,
       9.9099928038446861e-01 ]
P1: !!opencv-matrix
   rows: 3
   cols: 4
   dt: d
   data: [ 4.4316023433458804e+02, 0., 2.4819016456604004e+02, 0., 0.,
       4.4316023433458804e+02, 3.9363387680053711e+02, 0., 0., 0., 1.,
       0. ]
P2: !!opencv-matrix
   rows: 3
   cols: 4
   dt: d
   data: [ 4.4316023433458804e+02, 0., 2.4819016456604004e+02, 0., 0.,
       4.4316023433458804e+02, 3.9363387680053711e+02,
       -6.5117148670138585e+00, 0., 0., 1., 0. ]
Q: !!opencv-matrix
   rows: 4
   cols: 4
   dt: d
   data: [ 1., 0., 0., -2.4819016456604004e+02, 0., 1., 0.,
       -3.9363387680053711e+02, 0., 0., 0., 4.4316023433458804e+02, 0.,
       0., 6.8055841415828510e+01, 0. ]
