%YAML:1.0
---
K: !!opencv-matrix
   rows: 3
   cols: 3
   dt: d
   data: [ 4.8563701722562564e+02, 0., 3.1626902879522504e+02, 0.,
       4.8804421464275634e+02, 2.2549736689531744e+02, 0., 0., 1. ]
D: !!opencv-matrix
   rows: 1
   cols: 5
   dt: d
   data: [ 2.0969604462918873e-01, -9.4574527402383968e-01,
       -1.6608024151257845e-04, -1.7506357386969406e-03,
       1.3431091718882513e+00 ]
