%YAML:1.0
---
K: !!opencv-matrix
   rows: 3
   cols: 3
   dt: d
   data: [ 4.7684633967196396e+02, 0., 3.1267766142712475e+02, 0.,
       4.7966718540811064e+02, 2.3895403014825860e+02, 0., 0., 1. ]
D: !!opencv-matrix
   rows: 1
   cols: 5
   dt: d
   data: [ 8.5426956634430715e-02, -2.3799979490648057e-01,
       1.6522133845185867e-03, -1.4396381141872387e-03,
       2.7590558064865983e-01 ]
