%YAML:1.0
---
K1: !!opencv-matrix
   rows: 3
   cols: 3
   dt: d
   data: [ 4.8293344015106408e+02, 0., 3.2033811805400984e+02, 0.,
       4.8530293588033192e+02, 2.2520063729893494e+02, 0., 0., 1. ]
D1: !!opencv-matrix
   rows: 1
   cols: 5
   dt: d
   data: [ 1.6970571505763077e-01, -7.1728307328122209e-01,
       -2.4926403182292300e-04, -1.2853123284476283e-03,
       9.4927187435535754e-01 ]
K2: !!opencv-matrix
   rows: 3
   cols: 3
   dt: d
   data: [ 4.7605042112690774e+02, 0., 3.1531151984038416e+02, 0.,
       4.7882783543535157e+02, 2.3901726427294000e+02, 0., 0., 1. ]
D2: !!opencv-matrix
   rows: 1
   cols: 5
   dt: d
   data: [ 7.1113643172296695e-02, -1.5734241615763686e-01,
       9.8076246181736976e-04, -9.9154113387725658e-04,
       1.4113272433734220e-01 ]
R: !!opencv-matrix
   rows: 3
   cols: 3
   dt: d
   data: [ 9.9992532716597171e-01, -6.4981011092730718e-04,
       1.2203189699591478e-02, 7.0857615136296680e-04,
       9.9998817158608655e-01, -4.8119234982669070e-03,
       -1.2199918518670465e-02, 4.8202110674938530e-03,
       9.9991396007526701e-01 ]
T: !!opencv-matrix
   rows: 3
   cols: 1
   dt: d
   data: [ -1.4433010829988276e-02, -4.8101579504494627e-04,
       2.7930006227524558e-03 ]
E: !!opencv-matrix
   rows: 3
   cols: 3
   dt: d
   data: [ 3.8892998737175327e-06, -2.7952861836439444e-03,
       -4.6753470315484856e-04, 2.6167105053755669e-03,
       6.7755238495477318e-05, 1.4465852531253319e-02,
       4.7075298896582477e-04, -1.4433152679289296e-02,
       7.5320470958994626e-05 ]
F: !!opencv-matrix
   rows: 3
   cols: 3
   dt: d
   data: [ -3.9715564554487219e-08, 2.8404683128738057e-05,
       -4.0783959409364870e-03, -2.6565534201258235e-05,
       -6.8451049919089829e-07, -6.2260052402965900e-02,
       4.0737261068927826e-03, 6.1026962218030750e-02, 1. ]
R1: !!opencv-matrix
   rows: 3
   cols: 3
   dt: d
   data: [ 9.8352739005587619e-01, 3.1149623651193559e-02,
       -1.7805497453389332e-01, -3.1590057155488571e-02,
       9.9950084418080609e-01, 3.6162241238851063e-04,
       1.7797736175926801e-01, 5.2691012749025738e-03,
       9.8402047502730627e-01 ]
R2: !!opencv-matrix
   rows: 3
   cols: 3
   dt: d
   data: [ 9.8126086730672313e-01, 3.2702946169300535e-02,
       -1.8988846095617631e-01, -3.2232771043924698e-02,
       9.9946489761060997e-01, 5.5647924528100957e-03,
       1.8996883629502867e-01, 6.6011821725732781e-04,
       9.8178989884834922e-01 ]
P1: !!opencv-matrix
   rows: 3
   cols: 4
   dt: d
   data: [ 4.3563365669038939e+02, 0., 4.1358169698715210e+02, 0., 0.,
       4.3563365669038939e+02, 2.5532768630981445e+02, 0., 0., 0., 1.,
       0. ]
P2: !!opencv-matrix
   rows: 3
   cols: 4
   dt: d
   data: [ 4.3563365669038939e+02, 0., 4.1358169698715210e+02,
       -6.4075777343258018e+00, 0., 4.3563365669038939e+02,
       2.5532768630981445e+02, 0., 0., 0., 1., 0. ]
Q: !!opencv-matrix
   rows: 4
   cols: 4
   dt: d
   data: [ 1., 0., 0., -4.1358169698715210e+02, 0., 1., 0.,
       -2.5532768630981445e+02, 0., 0., 0., 4.3563365669038939e+02, 0.,
       0., 6.7987260514479942e+01, 0. ]
