%YAML:1.0
---
K1: !!opencv-matrix
   rows: 3
   cols: 3
   dt: d
   data: [ 4.8563701722562564e+02, 0., 3.1626902879522504e+02, 0.,
       4.8804421464275634e+02, 2.2549736689531744e+02, 0., 0., 1. ]
D1: !!opencv-matrix
   rows: 1
   cols: 5
   dt: d
   data: [ 2.0969604462918873e-01, -9.4574527402383968e-01,
       -1.6608024151257845e-04, -1.7506357386969406e-03,
       1.3431091718882513e+00 ]
K2: !!opencv-matrix
   rows: 3
   cols: 3
   dt: d
   data: [ 4.7684633967196396e+02, 0., 3.1267766142712475e+02, 0.,
       4.7966718540811064e+02, 2.3895403014825860e+02, 0., 0., 1. ]
D2: !!opencv-matrix
   rows: 1
   cols: 5
   dt: d
   data: [ 8.5426956634430715e-02, -2.3799979490648057e-01,
       1.6522133845185867e-03, -1.4396381141872387e-03,
       2.7590558064865983e-01 ]
R: !!opencv-matrix
   rows: 3
   cols: 3
   dt: d
   data: [ 9.9994592090169443e-01, -6.5170008862664764e-04,
       1.0379333266486471e-02, 7.0069836393399398e-04,
       9.9998862554760326e-01, -4.7178169971068525e-03,
       -1.0376140605499183e-02, 4.7248346436562323e-03,
       9.9993500370960364e-01 ]
T: !!opencv-matrix
   rows: 3
   cols: 1
   dt: d
   data: [ -1.4754920394969518e-02, -2.8254570733815028e-04,
       1.1027544293376894e-03 ]
E: !!opencv-matrix
   rows: 3
   cols: 3
   dt: d
   data: [ 2.1590357623629853e-06, -1.1040768678563751e-03,
       -2.7732474932494168e-04, 9.4959566473134702e-04,
       6.8995893887209084e-05, 1.4765407235611943e-02,
       2.7219167894033583e-04, -1.4754936700892382e-02,
       7.2543650289823563e-05 ]
F: !!opencv-matrix
   rows: 3
   cols: 3
   dt: d
   data: [ -1.9806838989542252e-08, 1.0078763627919930e-05,
       -1.0309333934734792e-03, -8.6602913488078368e-06,
       -6.2613739086842532e-07, -6.2515796651152089e-02,
       8.8488746034285346e-04, 6.1226118349125329e-02, 1. ]
R1: !!opencv-matrix
   rows: 3
   cols: 3
   dt: d
   data: [ 9.9776963838853727e-01, 1.8090448694418379e-02,
       -6.4253282998164213e-02, -1.8244414060558940e-02,
       9.9983191805237381e-01, -1.8102484078447549e-03,
       6.4209734975270244e-02, 2.9784743990574607e-03,
       9.9793198096095692e-01 ]
R2: !!opencv-matrix
   rows: 3
   cols: 3
   dt: d
   data: [ 9.9703698412145592e-01, 1.9092513709320604e-02,
       -7.4516630454222646e-02, -1.8913807140223581e-02,
       9.9981630210144146e-01, 3.1032163413871514e-03,
       7.4562190106341464e-02, -1.6846282849425907e-03,
       9.9721494264480781e-01 ]
P1: !!opencv-matrix
   rows: 3
   cols: 4
   dt: d
   data: [ 4.7755956089033538e+02, 0., 3.3327415752410889e+02, 0., 0.,
       4.7755956089033538e+02, 2.6784986114501953e+02, 0., 0., 0., 1.,
       0. ]
P2: !!opencv-matrix
   rows: 3
   cols: 4
   dt: d
   data: [ 4.7755956089033538e+02, 0., 3.3327415752410889e+02,
       -7.0672938085666166e+00, 0., 4.7755956089033538e+02,
       2.6784986114501953e+02, 0., 0., 0., 1., 0. ]
Q: !!opencv-matrix
   rows: 4
   cols: 4
   dt: d
   data: [ 1., 0., 0., -3.3327415752410889e+02, 0., 1., 0.,
       -2.6784986114501953e+02, 0., 0., 0., 4.7755956089033538e+02, 0.,
       0., 6.7573186261403450e+01, 0. ]
