%YAML:1.0
---
K: !!opencv-matrix
   rows: 3
   cols: 3
   dt: d
   data: [ 5.1688712347415412e+02, 0., 3.2119755179278462e+02, 0.,
       5.1924860585176248e+02, 2.3473922049632893e+02, 0., 0., 1. ]
D: !!opencv-matrix
   rows: 1
   cols: 5
   dt: d
   data: [ -3.2625126846511941e-02, 1.6384960490518066e-01,
       -1.3479171362616176e-03, 9.9260760265354746e-04,
       -2.4892460273363104e-01 ]
