%YAML:1.0
---
K1: !!opencv-matrix
   rows: 3
   cols: 3
   dt: d
   data: [ 4.8518956607544817e+02, 0., 3.1820180416591074e+02, 0.,
       4.8728827661315188e+02, 2.3154467098636684e+02, 0., 0., 1. ]
D1: !!opencv-matrix
   rows: 1
   cols: 5
   dt: d
   data: [ 1.0784680451698941e-01, -2.8374905209479295e-01,
       1.0596608372652685e-04, 8.9691205551656143e-04,
       2.9170791161703807e-01 ]
K2: !!opencv-matrix
   rows: 3
   cols: 3
   dt: d
   data: [ 5.1688712347415412e+02, 0., 3.2119755179278462e+02, 0.,
       5.1924860585176248e+02, 2.3473922049632893e+02, 0., 0., 1. ]
D2: !!opencv-matrix
   rows: 1
   cols: 5
   dt: d
   data: [ -3.2625126846511941e-02, 1.6384960490518066e-01,
       -1.3479171362616176e-03, 9.9260760265354746e-04,
       -2.4892460273363104e-01 ]
R: !!opencv-matrix
   rows: 3
   cols: 3
   dt: d
   data: [ 9.9998784257555640e-01, -4.3903817428677641e-04,
       -4.9114098348434576e-03, 4.9398992102496063e-04,
       9.9993723464981110e-01, 1.1192977032337244e-02,
       4.9061874242841410e-03, -1.1195267141521109e-02,
       9.9992529486886561e-01 ]
T: !!opencv-matrix
   rows: 3
   cols: 1
   dt: d
   data: [ 1.3801376038610194e-02, -4.1937808656406498e-04,
       -2.6103063910551628e-03 ]
E: !!opencv-matrix
   rows: 3
   cols: 3
   dt: d
   data: [ -7.6808244635267166e-07, 2.6148376039728128e-03,
       -3.9012965738666975e-04, -2.6779867940108846e-03,
       1.5565611582508742e-04, -1.3787524720522411e-02,
       4.2619072866601312e-04, 1.3800325667420581e-02,
       1.5241874735594487e-04 ]
F: !!opencv-matrix
   rows: 3
   cols: 3
   dt: d
   data: [ 1.5473629037625975e-08, -5.2451094218205384e-05,
       1.5953180866649708e-02, 5.3704805269872342e-05,
       -3.1081100956587412e-06, 1.1778434387024793e-01,
       -1.7049561050230061e-02, -1.2550849579035647e-01, 1. ]
R1: !!opencv-matrix
   rows: 3
   cols: 3
   dt: d
   data: [ 9.8120447690475110e-01, -2.8193789890347768e-02,
       -1.9090019568793720e-01, 2.9259347052422207e-02,
       9.9956803008501161e-01, 2.7647499046235960e-03,
       1.9073978376872430e-01, -8.2984000619473197e-03,
       9.8160555797340110e-01 ]
R2: !!opencv-matrix
   rows: 3
   cols: 3
   dt: d
   data: [ 9.8214251523407425e-01, -2.9844056681000410e-02,
       -1.8575632438898895e-01, 2.8806563991244739e-02,
       9.9955069145228803e-01, -8.2823359187550148e-03,
       1.8592004098725984e-01, 2.7834327859697456e-03,
       9.8256093493544794e-01 ]
P1: !!opencv-matrix
   rows: 3
   cols: 4
   dt: d
   data: [ 2.8356151723930191e+02, 0., 4.4500703334808350e+02, 0., 0.,
       2.8356151723930191e+02, 2.3726297187805176e+02, 0., 0., 0., 1.,
       0. ]
P2: !!opencv-matrix
   rows: 3
   cols: 4
   dt: d
   data: [ 2.8356151723930191e+02, 0., 4.4500703334808350e+02,
       3.9846957735718611e+00, 0., 2.8356151723930191e+02,
       2.3726297187805176e+02, 0., 0., 0., 1., 0. ]
Q: !!opencv-matrix
   rows: 4
   cols: 4
   dt: d
   data: [ 1., 0., 0., -4.4500703334808350e+02, 0., 1., 0.,
       -2.3726297187805176e+02, 0., 0., 0., 2.8356151723930191e+02, 0.,
       0., -7.1162651643319521e+01, 0. ]
